[gd_scene load_steps=6 format=3 uid="uid://cxreo7bahioa3"]

[ext_resource type="ArrayMesh" uid="uid://dogiavmysk12g" path="res://Dice/D20/D20.obj" id="1_u6lyi"]
[ext_resource type="Script" path="res://Dice/Dice.cs" id="1_xhv74"]
[ext_resource type="ArrayMesh" uid="uid://c3h2wns60ktnu" path="res://Dice/D20/D20Faces.obj" id="2_c2eny"]
[ext_resource type="PackedScene" uid="uid://cne2d5mk07x01" path="res://Dice/Normals/dicenormal.tscn" id="4_pu6ag"]

[sub_resource type="ConvexPolygonShape3D" id="ConvexPolygonShape3D_eh50r"]
points = PackedVector3Array(-1.04058, -0.512338, -0.685444, 1.30888, -0.240901, 0.694794, 1.25311, -0.101573, 0.735884, 0.286106, 1.09089, -0.917059, -0.780625, 1.20145, 0.558912, -0.128213, -1.21836, 0.929789, 0.754924, -1.21802, -0.557368, -1.33799, -0.288772, 0.697785, -0.126687, 0.311491, 1.46836, 0.796846, 1.19205, 0.554282, 1.31594, 0.269896, -0.745214, 0.103087, -0.331832, -1.47291, -1.23312, 0.45101, -0.78299, -0.781288, -1.22178, -0.512364, -0.0351101, 1.24752, -0.884121, 1.2063, -0.423284, 0.827249, -0.127649, -0.148319, -1.48039, 0.103709, 0.129083, 1.48117, 0.887506, -1.1169, -0.276337, 0.0569592, -1.25461, 0.829905, 1.02759, 0.9144, 0.0920593, -1.30371, 0.413004, -0.704279, -0.770348, 1.23142, 0.321649, -1.32709, -0.101838, 0.692047, 0.0572831, -0.0559224, -1.48215, 1.31199, 0.129588, -0.742994, -0.916368, -1.12292, -0.509756, -0.12759, 0.128966, 1.47993, -1.27999, 0.174643, -0.737571, -1.28851, -0.288172, 0.789066, 0.520212, 1.23995, -0.13859, 0.286659, 0.541647, 1.24027)

[node name="D20" type="RigidBody3D"]
transform = Transform3D(-0.784339, 0.611814, -0.102448, -0.380687, -0.344332, 0.858203, 0.489784, 0.712123, 0.502983, 0, 0, 0)
script = ExtResource("1_xhv74")

[node name="Dice" type="MeshInstance3D" parent="."]
transform = Transform3D(0.2, 0, 0, 0, 0.2, 0, 0, 0, 0.2, 0, 0, 0)
mesh = ExtResource("1_u6lyi")

[node name="CollisionShape3D" type="CollisionShape3D" parent="."]
transform = Transform3D(0.2, 0, 0, 0, 0.2, 0, 0, 0, 0.2, 0, 0, 0)
shape = SubResource("ConvexPolygonShape3D_eh50r")

[node name="Faces" type="MeshInstance3D" parent="."]
transform = Transform3D(0.2, 0, 0, 0, 0.2, 0, 0, 0, 0.2, 0, 0, 0)
mesh = ExtResource("2_c2eny")

[node name="Timer" type="Timer" parent="."]
wait_time = 5.0
one_shot = true

[node name="Normals" type="Node3D" parent="."]
visible = false

[node name="Normal11" parent="Normals" instance=ExtResource("4_pu6ag")]
transform = Transform3D(0.999048, 0.0436194, 0, -0.0436194, 0.999048, 0, 0, 0, 1, 0, 0, 0)
face = 11

[node name="Normal13" parent="Normals" instance=ExtResource("4_pu6ag")]
transform = Transform3D(-0.99945, 0.0331552, -6.51926e-08, 0.0237289, 0.715299, 0.698415, 0.0231562, 0.698031, -0.715693, 0, 0, 0)
face = 13

[node name="Normal1" parent="Normals" instance=ExtResource("4_pu6ag")]
transform = Transform3D(-0.747534, -0.576063, -0.330673, -0.576614, 0.315687, 0.753563, -0.329711, 0.753985, -0.568153, 0, 0, 0)
face = 1

[node name="Normal20" parent="Normals" instance=ExtResource("4_pu6ag")]
transform = Transform3D(0.747534, 0.576063, -0.330673, 0.576614, -0.315687, 0.753563, 0.329711, -0.753985, -0.568153, 0, 0, 0)
face = 20

[node name="Normal10" parent="Normals" instance=ExtResource("4_pu6ag")]
transform = Transform3D(-0.999048, -0.0436195, 0, 0.0436064, -0.99875, -0.0244322, 0.00106572, -0.0244089, 0.999701, 0, 0, 0)
face = 10

[node name="Normal8" parent="Normals" instance=ExtResource("4_pu6ag")]
transform = Transform3D(0.999048, -0.0304644, -0.0312181, 0, -0.715693, 0.698415, -0.0436194, -0.697751, -0.715012, 0, 0, 0)
face = 8

[node name="Normal19" parent="Normals" instance=ExtResource("4_pu6ag")]
transform = Transform3D(-0.366079, -0.92717, -0.0796348, -0.927013, 0.355847, 0.118404, -0.0814428, 0.117168, -0.989767, 0, 0, 0)
face = 19

[node name="Normal2" parent="Normals" instance=ExtResource("4_pu6ag")]
transform = Transform3D(0.366079, 0.92717, -0.0796348, 0.927013, -0.355847, 0.118404, 0.0814428, -0.117168, -0.989767, 0, 0, 0)
face = 2

[node name="Normal9" parent="Normals" instance=ExtResource("4_pu6ag")]
transform = Transform3D(-0.833986, -0.54284, 0.0989517, -0.542976, 0.77545, -0.322266, 0.0982067, -0.322493, -0.941463, 0, 0, 0)
face = 9

[node name="Normal12" parent="Normals" instance=ExtResource("4_pu6ag")]
transform = Transform3D(0.833986, 0.54284, 0.0989517, 0.542976, -0.77545, -0.322266, -0.0982067, 0.322493, -0.941463, 0, 0, 0)
face = 12

[node name="Normal6" parent="Normals" instance=ExtResource("4_pu6ag")]
transform = Transform3D(-0.920752, -0.327674, 0.211766, -0.328156, 0.356867, -0.87462, 0.211018, -0.8748, -0.436114, 0, 0, 0)
face = 6

[node name="Normal15" parent="Normals" instance=ExtResource("4_pu6ag")]
transform = Transform3D(0.920752, 0.327674, 0.211766, 0.328156, -0.356867, -0.87462, -0.211018, 0.8748, -0.436114, 0, 0, 0)
face = 15

[node name="Normal16" parent="Normals" instance=ExtResource("4_pu6ag")]
transform = Transform3D(-0.547346, -0.5692, 0.613534, -0.568752, -0.28481, -0.771624, 0.613949, -0.771294, -0.167844, 0, 0, 0)
face = 16

[node name="Normal5" parent="Normals" instance=ExtResource("4_pu6ag")]
transform = Transform3D(0.547346, 0.5692, 0.613534, 0.568752, 0.28481, -0.771624, -0.613949, 0.771294, -0.167844, 0, 0, 0)
face = 5

[node name="Normal3" parent="Normals" instance=ExtResource("4_pu6ag")]
transform = Transform3D(0.256871, -0.944364, 0.205408, -0.944285, -0.2905, -0.15471, 0.205774, -0.154224, -0.96637, 0, 0, 0)
face = 3

[node name="Normal18" parent="Normals" instance=ExtResource("4_pu6ag")]
transform = Transform3D(-0.256871, 0.944364, 0.205408, 0.944285, 0.2905, -0.15471, -0.205774, 0.154223, -0.96637, 0, 0, 0)
face = 18

[node name="Normal17" parent="Normals" instance=ExtResource("4_pu6ag")]
transform = Transform3D(0.397195, -0.610448, -0.685265, -0.610818, -0.733127, 0.299041, -0.684935, 0.299795, -0.664068, 0, 0, 0)
face = 17

[node name="Normal4" parent="Normals" instance=ExtResource("4_pu6ag")]
transform = Transform3D(-0.397195, 0.610448, -0.685265, 0.610818, 0.733127, 0.299041, 0.684936, -0.299795, -0.664068, 0, 0, 0)
face = 4

[node name="Normal7" parent="Normals" instance=ExtResource("4_pu6ag")]
transform = Transform3D(-0.779943, -0.378681, -0.498287, -0.381035, -0.344292, 0.858065, -0.496489, 0.859106, 0.124237, 0, 0, 0)
face = 7

[node name="Normal14" parent="Normals" instance=ExtResource("4_pu6ag")]
transform = Transform3D(0.779943, 0.378681, -0.498287, 0.381035, 0.344292, 0.858065, 0.496489, -0.859106, 0.124237, 0, 0, 0)
face = 14
