[gd_scene load_steps=5 format=3 uid="uid://cokw5uoqfh0rr"]

[ext_resource type="Script" path="res://Levels/Tabletop.cs" id="1_5lnid"]

[sub_resource type="PlaneMesh" id="PlaneMesh_ov8bc"]

[sub_resource type="ConvexPolygonShape3D" id="ConvexPolygonShape3D_ghncd"]
points = PackedVector3Array(-1, 0, -1, -1, 0, 1, 1, 0, -1, 1, 0, 1)

[sub_resource type="PrismMesh" id="PrismMesh_2xjwh"]

[node name="Tabletop" type="Node3D"]
script = ExtResource("1_5lnid")

[node name="Level" type="Node3D" parent="."]
transform = Transform3D(1, 0, 0, 0, 1, 0, 0, 0, 1, 0, -2.60699, 0)

[node name="StaticBody3D" type="StaticBody3D" parent="Level"]
transform = Transform3D(14.91, 0, 0, 0, 14.91, 0, 0, 0, 14.91, 0, 0, 0)

[node name="MeshInstance3D" type="MeshInstance3D" parent="Level/StaticBody3D"]
mesh = SubResource("PlaneMesh_ov8bc")

[node name="CollisionShape3D" type="CollisionShape3D" parent="Level/StaticBody3D"]
shape = SubResource("ConvexPolygonShape3D_ghncd")

[node name="DirectionalLight3D" type="DirectionalLight3D" parent="Level"]
transform = Transform3D(1, 0, 0, 0, 0.474826, 0.88008, 0, -0.88008, 0.474826, 0, 0, 0)

[node name="MeshInstance3D" type="MeshInstance3D" parent="Level"]
transform = Transform3D(0.756493, 0, 0.654002, 0, 1, 0, -0.654002, 0, 0.756493, 1.11557, 0, -1.46494)
mesh = SubResource("PrismMesh_2xjwh")

[node name="Players" type="Node" parent="."]

[node name="PlayerSpawner" type="MultiplayerSpawner" parent="."]
_spawnable_scenes = PackedStringArray("res://Player/Player.tscn")
spawn_path = NodePath("../Players")

[node name="Camera3D" type="Camera3D" parent="."]
transform = Transform3D(1, 0, 0, 0, 0.950835, 0.309697, 0, -0.309697, 0.950835, 0, 18.6634, 25.5523)
