[gd_scene load_steps=7 format=3 uid="uid://b2huxfvvfboyd"]

[ext_resource type="Script" path="res://Dice/Dice.cs" id="1_4mfmv"]
[ext_resource type="ArrayMesh" uid="uid://xy7ndmf2ukww" path="res://Models/die.obj" id="1_4o7eo"]
[ext_resource type="ArrayMesh" uid="uid://bwgjpvggs5qbu" path="res://Models/numbers.obj" id="2_rvyfn"]
[ext_resource type="PackedScene" uid="uid://cne2d5mk07x01" path="res://Dice/Normals/dicenormal.tscn" id="3_322f0"]

[sub_resource type="ConvexPolygonShape3D" id="ConvexPolygonShape3D_28j8t"]
points = PackedVector3Array(-0.219681, -3.00865, 1.15259, 0.199358, -3.01162, 1.15374, 0.0926624, -0.176308, -3.31442, 2.80981, 1.0748, -1.2529, 0.0937348, 0.134494, 3.34936, -2.81753, -1.00882, 1.55962, -2.79542, 0.647966, -1.54629, -1.7846, -2.47409, -1.56512, 1.76712, -2.47812, -1.56798, 2.80493, -1.01161, 1.56402, 1.78063, 2.45395, 1.5803, 0.19637, 2.92558, -1.55027, -1.79419, 2.4445, 1.57464, -2.83009, 0.969812, -1.56554, 0.0935471, -2.99888, 1.56704, 2.80703, 0.968922, -1.56479, -0.216192, 2.91545, -1.54494, -0.321742, 0.133408, -3.22079, -0.114482, 0.13399, 3.33854, -0.325005, 2.97108, -0.943917, 0.30184, 0.133721, -3.22731, 2.80117, -0.697708, 1.56193, -2.80682, -0.69413, 1.55367, 2.78943, 0.65204, -1.55501, -0.114227, -2.98735, 1.56097, -2.81048, 1.0665, -1.24342, 2.70022, -1.21965, 0.938045, 0.938077, 2.77018, 0.105143, 0.0897243, -0.171887, 3.22021, -1.58068, 2.54378, 1.25661, -2.39653, -1.63008, 0.103579, -0.942554, -0.280464, 2.79772)

[sub_resource type="StandardMaterial3D" id="StandardMaterial3D_h2il1"]
albedo_color = Color(0, 0.0862745, 1, 1)

[node name="Dice" type="RigidBody3D"]
gravity_scale = 10.0
script = ExtResource("1_4mfmv")

[node name="Die" type="MeshInstance3D" parent="."]
transform = Transform3D(1, 0, 0, 0, 0.982287, 0.187381, 0, -0.187381, 0.982287, 0, 0, 0)
mesh = ExtResource("1_4o7eo")
skeleton = NodePath("../..")

[node name="CollisionShape3D" type="CollisionShape3D" parent="."]
transform = Transform3D(1, 0, 0, 0, 0.982287, 0.187381, 0, -0.187381, 0.982287, 0, 0, 0)
shape = SubResource("ConvexPolygonShape3D_28j8t")

[node name="Numbers" type="MeshInstance3D" parent="."]
transform = Transform3D(1, 0, 0, 0, 0.982287, 0.187381, 0, -0.187381, 0.982287, 0, 0, 0)
mesh = ExtResource("2_rvyfn")
skeleton = NodePath("../..")
surface_material_override/0 = SubResource("StandardMaterial3D_h2il1")

[node name="Normals" type="Node3D" parent="."]
visible = false

[node name="Normal20" parent="Normals" instance=ExtResource("3_322f0")]
face = 20

[node name="Normal2" parent="Normals" instance=ExtResource("3_322f0")]
transform = Transform3D(-0.5, 0.612372, 0.612372, 0, 0.707107, -0.707107, -0.866025, -0.353553, -0.353553, 0, 0, 0)
face = 2

[node name="Normal14" parent="Normals" instance=ExtResource("3_322f0")]
transform = Transform3D(1, 0, 0, 0, 0.707107, -0.707107, 0, 0.707107, 0.707107, 0, 0, 0)
face = 14

[node name="Normal8" parent="Normals" instance=ExtResource("3_322f0")]
transform = Transform3D(-0.5, -0.612372, -0.612372, 0, 0.707107, -0.707107, 0.866025, -0.353553, -0.353553, 0, 0, 0)
face = 8

[node name="Normal18" parent="Normals" instance=ExtResource("3_322f0")]
transform = Transform3D(0.0321977, 0.960153, 0.277615, 0.129457, 0.271413, -0.953717, -0.991062, 0.0666467, -0.11556, 0, 0, 0)
face = 18

[node name="Normal4" parent="Normals" instance=ExtResource("3_322f0")]
transform = Transform3D(0.723554, 0.631804, 0.278016, 0.129457, 0.271413, -0.953717, -0.67802, 0.726057, 0.11459, 0, 0, 0)
face = 4

[node name="Normal6" parent="Normals" instance=ExtResource("3_322f0")]
transform = Transform3D(0.842186, -0.537794, -0.0387296, 0.129457, 0.271413, -0.953717, 0.523415, 0.798193, 0.298201, 0, 0, 0)
face = 6

[node name="Normal16" parent="Normals" instance=ExtResource("3_322f0")]
transform = Transform3D(0.225405, -0.944686, -0.238246, 0.129457, 0.271413, -0.953717, 0.965626, 0.18413, 0.183474, 0, 0, 0)
face = 16

[node name="Normal10" parent="Normals" instance=ExtResource("3_322f0")]
transform = Transform3D(-0.874384, -0.422359, -0.238885, 0.129457, 0.271413, -0.953717, 0.467647, -0.86484, -0.182641, 0, 0, 0)
face = 10

[node name="Normal12" parent="Normals" instance=ExtResource("3_322f0")]
transform = Transform3D(-0.948959, 0.312881, -0.0397703, 0.129457, 0.271413, -0.953717, -0.287606, -0.910187, -0.298064, 0, 0, 0)
face = 12

[node name="Normal17" parent="Normals" instance=ExtResource("3_322f0")]
transform = Transform3D(-0.183013, -0.683012, -0.707107, 0.965926, -0.258819, 0, -0.183013, -0.683012, 0.707107, 0, 0, 0)
face = 17

[node name="Normal3" parent="Normals" instance=ExtResource("3_322f0")]
transform = Transform3D(-0.257834, -0.96225, -0.0871557, 0.965926, -0.258819, 0, -0.0225576, -0.084186, 0.996194, 0, 0, 0)
face = 3

[node name="Normal9" parent="Normals" instance=ExtResource("3_322f0")]
transform = Transform3D(-0.0885213, -0.330366, 0.939692, 0.965926, -0.258819, 0, 0.24321, 0.907673, 0.34202, 0, 0, 0)
face = 9

[node name="Normal11" parent="Normals" instance=ExtResource("3_322f0")]
transform = Transform3D(0.109382, 0.408218, 0.906307, 0.965926, -0.258819, 0, 0.23457, 0.875426, -0.422618, 0, 0, 0)
face = 11

[node name="Normal5" parent="Normals" instance=ExtResource("3_322f0")]
transform = Transform3D(0.254887, 0.951251, -0.173648, 0.965925, -0.258819, 0, -0.0449435, -0.167731, -0.984807, 0, 0, 0)
face = 5

[node name="Normal15" parent="Normals" instance=ExtResource("3_322f0")]
transform = Transform3D(0.148452, 0.554032, -0.819152, 0.965925, -0.258819, 0, -0.212012, -0.79124, -0.573576, 0, 0, 0)
face = 15

[node name="Normal19" parent="Normals" instance=ExtResource("3_322f0")]
transform = Transform3D(-0.612372, -0.612372, 0.5, 0.707106, -0.707106, 0, 0.353553, 0.353553, 0.866025, 0, 0, 0)
face = 19

[node name="Normal13" parent="Normals" instance=ExtResource("3_322f0")]
transform = Transform3D(0.612372, 0.612372, 0.5, 0.707106, -0.707106, 0, 0.353553, 0.353553, -0.866025, 0, 0, 0)
face = 13

[node name="Normal7" parent="Normals" instance=ExtResource("3_322f0")]
transform = Transform3D(3.09086e-08, 3.09086e-08, -0.999999, 0.707106, -0.707106, 0, -0.707106, -0.707106, -4.37114e-08, 0, 0, 0)
face = 7

[node name="Normal1" parent="Normals" instance=ExtResource("3_322f0")]
transform = Transform3D(-1, -8.74227e-08, 0, 8.74227e-08, -1, 0, 0, 0, 0.999999, 0, 0, 0)
face = 1
